FILL #FF9999
POLYGON 0.03 0.09 0.03 0.47 0.23 0.48 0.23 0.41 0.07 0.4 0.07 0.3 0.22 0.31 0.22 0.22 0.07 0.22 0.07 0.14 0.2 0.15 0.2 0.08
POLYGON 0.26 0.24 0.26 0.49 0.34 0.49 0.34 0.37 0.39 0.5 0.41 0.37 0.44 0.5 0.57 0.51 0.46 0.23 0.39 0.23 0.37 0.34 0.33 0.23
POLYGON 0.57 0.23 0.59 0.34 0.76 0.29 0.79 0.39 0.6 0.41 0.61 0.5 0.92 0.49 0.86 0.22 0.65 0.28 0.65 0.24 0.84 0.17 0.82 0.12
POLYGON 0.47 0.61 0.43 0.67 0.39 0.68 0.38 0.75 0.35 0.79 0.32 0.77 0.34 0.69 0.38 0.64 0.42 0.59 0.49 0.57 0.56 0.61 0.58 0.65 0.58 0.71 0.61 0.73 0.64 0.77 0.63 0.83 0.59 0.82 0.55 0.75 0.54 0.68 0.49 0.65
FILL #000000
POLYGON 0.47 0.68 0.45 0.67 0.44 0.68 0.42 0.69 0.44 0.68
POLYGON 0.48 0.68 0.5 0.67 0.52 0.67
POLYGON 0.51 0.67 0.49 0.68
FILL #FFFFFF
ELLIPSE 0.42 0.69 0.47 0.7
FILL #FFFFFF
ELLIPSE 0.54 0.68 0.5 0.69
FILL #000000
ELLIPSE 0.46 0.69 0.45 0.7
ELLIPSE 0.53 0.68 0.52 0.69
FILL #FFFFFF
POLYGON 0.5 0.71 0.51 0.73 0.51 0.75 0.5 0.75 0.48 0.74
PEN #FFFFFF
FILL #FFFFFF
ELLIPSE 0.47 0.71 0.5 0.74
FILL #FF9999
POLYGON 0.45 0.78 0.48 0.77 0.49 0.77 0.52 0.78 0.52 0.79 0.49 0.78
PEN #000000
POLYGON 0.51 0.78 0.49 0.78 0.47 0.78 0.46 0.78
POLYGON 0.5 0.78 0.51 0.78
PEN #000000
FILL #FFFFFF
POLYGON 0.38 0.75 0.39 0.81 0.45 0.85 0.53 0.86 0.57 0.83 0.58 0.8 0.57 0.83 0.53 0.86 0.45 0.85 0.4 0.81
ELLIPSE 0.36 0.79 0.48 1
ELLIPSE 0.57 0.79 0.48 1.01
FILL #000000
ELLIPSE 0.36 0.87 0.43 0.96
ELLIPSE 0.48 0.88 0.55 0.97
FILL #FFFFFF
ELLIPSE 0.37 0.89 0.39 0.91
ELLIPSE 0.49 0.9 0.51 0.92
